tmp/2a4e6384b2874d609e0735bb37f283c0/luo/luo_0003.png 79 9 192 145
tmp/2a4e6384b2874d609e0735bb37f283c0/luo/luo_0007.png 80 24 186 153
tmp/2a4e6384b2874d609e0735bb37f283c0/luo/luo_0008.png 83 27 156 109
tmp/2a4e6384b2874d609e0735bb37f283c0/luo/luo_0005.png 134 1 205 85
tmp/2a4e6384b2874d609e0735bb37f283c0/luo/luo_0010.png 24 20 119 135
tmp/2a4e6384b2874d609e0735bb37f283c0/luo/luo_0001.png 63 48 169 174
tmp/2a4e6384b2874d609e0735bb37f283c0/luo/luo_0009.png 54 37 145 140
tmp/2a4e6384b2874d609e0735bb37f283c0/luo/luo_0002.png 72 30 171 145
tmp/2a4e6384b2874d609e0735bb37f283c0/luo/luo_0006.png 58 9 188 162
tmp/2a4e6384b2874d609e0735bb37f283c0/luo/luo_0004.png 139 17 231 126
